probe mode        price  steps   n  kept (layer1, layer2) per seed                1+1  solved  stays  roles  compute
logit absolute    0.005   3000   5  [(3, 1), (4, 2), (3, 2), (3, 2), (3, 2)]        0       5      5      5     0.75
logit absolute     0.02   3000   5  [(3, 1), (3, 1), (3, 1), (3, 1), (3, 1)]        0       5      5      5     0.70
logit absolute     0.05   3000   5  [(2, 1), (3, 1), (2, 1), (2, 1), (3, 1)]        0       5      5      5     0.68
logit bar          0.02   3000   5  [(2, 1), (3, 1), (3, 1), (3, 1), (3, 1)]        0       5      5      5     0.71
logit bar          0.05   3000   5  [(2, 1), (2, 1), (2, 1), (2, 1), (3, 1)]        0       5      5      5     0.69
logit bar          0.05   6000  10  [(2, 1), (2, 1), (2, 1), (2, 1), (2, 1), (2, 1), (2, 1), (2, 1), (2, 1), (2, 1)]    0      10     10     10     0.62
logit bar           0.1   3000   5  [(2, 1), (2, 1), (2, 1), (2, 1), (3, 1)]        0       5      5      5     0.68
logit bar           0.1   6000   5  [(2, 1), (2, 1), (2, 1), (2, 1), (2, 1)]        0       5      5      5     0.62
logit bar           0.2   3000   5  [(2, 1), (2, 1), (2, 1), (2, 1), (2, 1)]        0       5      5      5     0.66
logit bar           0.2   6000   5  [(2, 1), (2, 1), (2, 1), (2, 1), (2, 1)]        0       5      5      5     0.60
logit relative      0.1   3000   5  [(3, 1), (4, 2), (4, 2), (4, 2), (3, 2)]        0       5      5      5     0.80
logit relative      0.3   3000   5  [(2, 1), (2, 1), (2, 1), (2, 1), (2, 1)]        0       5      5      5     0.69
logit_tonebar          0.05   6000  10  [(2, 1), (1, 1), (2, 1), (1, 1), (2, 1), (1, 1), (2, 1), (1, 1), (2, 1), (1, 1)]    5      10      3     10     0.59
logit_tonebar           0.2   6000   5  [(1, 1), (1, 1), (1, 1), (1, 1), (1, 1)]        5       5      0      5     0.56
mse   absolute     0.01   3000   5  [(4, 7), (4, 7), (4, 6), (4, 6), (4, 6)]        0       5      5      5     0.98
mse   absolute     0.03   3000  10  [(3, 4), (3, 3), (2, 3), (2, 3), (3, 3), (3, 3), (3, 3), (2, 3), (3, 3), (3, 4)]    0      10     10     10     0.77
mse   absolute      0.1   3000   5  [(1, 1), (0, 1), (1, 1), (1, 1), (0, 1)]        3       3      0      3     0.58
mse   absolute      0.3   3000   5  [(1, 0), (0, 1), (1, 0), (0, 1), (0, 1)]        0       0      0      0     0.55
